 -inf -inf -inf -inf -inf -inf 
-3.010299956640e-01  0.000000000000e+00  8.556532392884e-01  5.834255004065e-01  -inf 
-2.929687764661e-01  0.000000000000e+00  8.556532392884e-01  5.834255004065e-01  -inf 
-2.849075572682e-01  0.000000000000e+00  8.556532392884e-01  5.834255004065e-01  -inf 
-2.768463380704e-01  0.000000000000e+00  8.556532392884e-01  5.834255004065e-01  -inf 
-2.687851188724e-01  0.000000000000e+00  8.556532392884e-01  5.834255004065e-01  -inf 
-2.607238996745e-01  0.000000000000e+00  8.556532392884e-01  5.834255004065e-01  -inf 
-2.526626804766e-01  0.000000000000e+00  8.556532392884e-01  5.834255004065e-01  -inf 
-2.446014612788e-01  0.000000000000e+00  8.556532392884e-01  5.834255004065e-01  -inf 
-2.365402420809e-01  0.000000000000e+00  8.556532392884e-01  5.834255004065e-01  -inf 
-2.284790228831e-01  0.000000000000e+00  8.556532392884e-01  5.834255004065e-01  -inf 
-2.204178036852e-01  0.000000000000e+00  8.556532392884e-01  5.834255004065e-01  -inf 
-2.123565844872e-01  0.000000000000e+00  8.556532392884e-01  5.834255004065e-01  -inf 
-2.042953652894e-01  0.000000000000e+00  8.556532392884e-01  5.834255004065e-01  -inf 
-1.962341460915e-01  0.000000000000e+00  8.556532392884e-01  5.834255004065e-01  -inf 
-1.881729268936e-01  0.000000000000e+00  8.556532392884e-01  5.834255004065e-01  -inf 
-1.801117076958e-01  0.000000000000e+00  8.556532392884e-01  5.834255004065e-01  -inf 
-1.720504884979e-01  0.000000000000e+00  8.556532392884e-01  5.834255004065e-01  -inf 
-1.639892693000e-01  0.000000000000e+00  8.556532392884e-01  5.834255004065e-01  -inf 
-1.559280501021e-01  0.000000000000e+00  8.556532392884e-01  5.834255004065e-01  -inf 
-1.478668309042e-01  0.000000000000e+00  8.556532392884e-01  5.834255004065e-01  -inf 
-1.398056117063e-01  0.000000000000e+00  8.556532392884e-01  5.834255004065e-01  -inf 
-1.317443925084e-01  0.000000000000e+00  8.556532392884e-01  5.834255004065e-01  -inf 
-1.236831733105e-01  0.000000000000e+00  8.556532392884e-01  5.834255004065e-01  -inf 
-1.156219541127e-01  0.000000000000e+00  8.556532392884e-01  5.834255004065e-01  -inf 
-1.075607349148e-01  0.000000000000e+00  8.556532392884e-01  5.834255004065e-01  -inf 
-9.949951571689e-02  0.000000000000e+00  8.556532392884e-01  5.834255004065e-01  -inf 
-9.143829651901e-02  0.000000000000e+00  8.556532392884e-01  5.834255004065e-01  -inf 
-8.337707732114e-02  0.000000000000e+00  8.556532392884e-01  5.834255004065e-01  -inf 
-7.531585812325e-02  0.000000000000e+00  8.556532392884e-01  5.834255004065e-01  -inf 
-6.725463892535e-02  0.000000000000e+00  8.556532392884e-01  5.834255004065e-01  -inf 
-5.919341972747e-02  0.000000000000e+00  8.556532392884e-01  5.834255004065e-01  -inf 
-5.113220052960e-02  0.000000000000e+00  8.556532392884e-01  5.834255004065e-01  -inf 
-4.307098133173e-02  0.000000000000e+00  8.556532392884e-01  5.834255004065e-01  -inf 
-3.500976213383e-02  0.000000000000e+00  8.556532392884e-01  5.834255004065e-01  -inf 
-2.694854293595e-02  0.000000000000e+00  8.556532392884e-01  5.834255004065e-01  -inf 
-1.888732373805e-02  1.661554755718e-02  8.722368283606e-01  6.002103064093e-01 -1.608048105104e+00 
-1.082610454020e-02  1.661554755718e-02  8.722368283606e-01  6.002103064093e-01 -1.608048105104e+00 
-2.764885342300e-03  1.661554755718e-02  8.722368283606e-01  6.002103064093e-01 -1.608048105104e+00 
 5.296333855734e-03  5.499586152914e-02  9.137132115144e-01  6.413749451921e-01 -1.031107324149e+00 
 1.335755305332e-02  6.818586174616e-02  9.284143401071e-01  6.559064181802e-01 -9.283355557489e-01 
 2.141877225130e-02  6.818586174616e-02  9.284143401071e-01  6.559064181802e-01 -9.283355557489e-01 
 2.947999144919e-02  6.818586174616e-02  9.284143401071e-01  6.559064181802e-01 -9.283355557489e-01 
 3.754121064719e-02  2.137832993353e-01  1.065348801375e+00  7.930216598460e-01 -3.243027000602e-01 
 4.560242984520e-02  2.935835134961e-01  1.141072416125e+00  8.688794462371e-01 -1.718243286211e-01 
 5.366364904306e-02  2.935835134961e-01  1.141072416125e+00  8.688794462371e-01 -1.718243286211e-01 
 6.172486824070e-02  2.935835134961e-01  1.141072416125e+00  8.688794462371e-01 -1.718243286211e-01 
 6.978608743867e-02  2.935835134961e-01  1.141072416125e+00  8.688794462371e-01 -1.718243286211e-01 
 7.784730663652e-02  2.953471483336e-01  1.144574550064e+00  8.721562727483e-01 -1.667243743701e-01 
 8.590852583436e-02  3.016809492936e-01  1.157098486108e+00  8.838884578885e-01 -1.481595875364e-01 
 9.396974503221e-02  3.163897510732e-01  1.185668628600e+00  9.107310980434e-01 -1.071813442674e-01 
 1.020309642301e-01  3.253103717111e-01  1.202452187924e+00  9.265482246356e-01 -8.188496998531e-02 
 1.100921834281e-01  3.310221710418e-01  1.212742773333e+00  9.362623419035e-01 -6.666994077620e-02 
 1.181534026261e-01  3.370597263205e-01  1.223005557824e+00  9.459607035776e-01 -6.130864761468e-02 
 1.262146218239e-01  3.473300153170e-01  1.240789541326e+00  9.627953698572e-01 -5.138586419674e-02 
 1.342758410218e-01  3.556430502209e-01  1.254596675737e+00  9.758911364018e-01 -4.240304912931e-02 
 1.423370602196e-01  3.632358044837e-01  1.266992597811e+00  9.876662649263e-01 -3.435672903927e-02 
 1.503982794174e-01  3.729120029701e-01  1.281916587511e+00  1.001863462693e+00 -1.956977555800e-02 
 1.584594986154e-01  3.847117429383e-01  1.300496658697e+00  1.019573202096e+00 -9.178791802878e-03 
 1.665207178132e-01  3.949767195546e-01  1.316724230206e+00  1.035069344421e+00  1.832371466008e-03 
 1.745819370112e-01  4.087486061842e-01  1.337394242041e+00  1.054842779229e+00  1.553862620538e-02 
 1.826431562091e-01  4.292676664332e-01  1.366536288627e+00  1.082785370316e+00  3.294932344003e-02 
 1.907043754069e-01  4.562141553580e-01  1.403411229502e+00  1.118264726089e+00  5.260355330970e-02 
 1.987655946047e-01  4.708513245261e-01  1.423147843429e+00  1.137290798522e+00  6.284696885554e-02 
 2.068268138026e-01  4.739246934162e-01  1.427262899685e+00  1.141261590622e+00  6.496890878090e-02 
 2.148880330006e-01  4.768316285123e-01  1.428303649896e+00  1.142514604999e+00  7.021838799644e-02 
 2.229492521984e-01  4.842998393468e-01  1.429151893017e+00  1.144138137664e+00  8.702267677853e-02 
 2.310104713963e-01  4.933186082321e-01  1.430193615313e+00  1.146128035678e+00  1.074971589117e-01 
 2.390716905943e-01  5.052856741441e-01  1.431605711373e+00  1.148818514602e+00  1.340571789090e-01 
 2.471329097921e-01  5.154764413824e-01  1.432835520395e+00  1.151155255151e+00  1.520723875579e-01 
 2.551941289901e-01  5.285310606354e-01  1.437315638529e+00  1.156761098307e+00  1.756149037497e-01 
 2.632553481877e-01  5.368108659915e-01  1.440991826163e+00  1.161098356451e+00  1.870666981618e-01 
 2.713165673856e-01  5.407047833108e-01  1.444978711459e+00  1.165214639910e+00  1.932956741692e-01 
 2.793777865835e-01  5.443161417474e-01  1.447453375226e+00  1.167848798590e+00  1.998819264312e-01 
 2.874390057816e-01  5.477747053878e-01  1.449266322226e+00  1.169880072874e+00  2.076881377443e-01 
 2.955002249794e-01  5.552154051261e-01  1.453742961095e+00  1.174728333312e+00  2.222026476016e-01 
 3.035614441774e-01  5.650209283453e-01  1.461130496150e+00  1.182414652435e+00  2.435566932380e-01 
 3.116226633751e-01  5.826314394896e-01  1.476333990861e+00  1.197969367916e+00  2.772840535609e-01 
 3.196838825731e-01  6.037937041370e-01  1.494757621780e+00  1.216719967190e+00  3.130003663773e-01 
 3.277451017710e-01  6.367886890344e-01  1.522825358521e+00  1.245339902695e+00  3.614535001790e-01 
 3.358063209687e-01  6.787914343662e-01  1.555919658317e+00  1.279484429029e+00  4.103958426183e-01 
 3.438675401667e-01  7.137424784091e-01  1.588862595223e+00  1.312663866151e+00  4.477953069718e-01 
 3.519287593646e-01  7.387013004347e-01  1.613675944657e+00  1.337519159847e+00  4.739491047747e-01 
 3.599899785624e-01  7.564078725490e-01  1.630254387027e+00  1.354338976788e+00  4.930622296796e-01 
 3.680511977604e-01  7.692295817366e-01  1.639811898931e+00  1.364494711645e+00  5.049335579988e-01 
 3.761124169582e-01  7.885925559204e-01  1.660145355858e+00  1.384872894493e+00  5.217295196050e-01 
 3.841736361561e-01  8.161086707399e-01  1.691609877657e+00  1.415991076233e+00  5.464239506660e-01 
 3.922348553539e-01  8.481891169914e-01  1.728938687050e+00  1.452690912613e+00  5.714097195472e-01 
 4.002960745519e-01  8.781194846972e-01  1.762857450207e+00  1.486118638422e+00  5.950935491814e-01 
 4.083572937497e-01  9.116901587539e-01  1.792720403042e+00  1.516429596758e+00  6.201801896571e-01 
 4.164185129477e-01  9.375178920173e-01  1.816320314508e+00  1.540354505452e+00  6.382612903727e-01 
 4.244797321455e-01  9.603280505301e-01  1.836017665401e+00  1.560480519380e+00  6.544267419148e-01 
 4.325409513435e-01  9.815468050452e-01  1.853018337487e+00  1.578100304756e+00  6.694484849545e-01 
 4.406021705413e-01  1.000477461374e+00  1.869845829637e+00  1.595220566798e+00  6.833402739986e-01 
 4.486633897392e-01  1.021189299070e+00  1.888451952101e+00  1.614148150312e+00  6.979134310479e-01 
 4.567246089371e-01  1.044774874256e+00  1.910978050807e+00  1.636898927507e+00  7.145908071334e-01 
 4.647858281349e-01  1.063633545231e+00  1.930895323999e+00  1.656759206877e+00  7.286939593780e-01 
 4.728470473328e-01  1.081743249923e+00  1.946124666744e+00  1.672430381695e+00  7.414797812544e-01 
 4.809082665306e-01  1.102468008788e+00  1.962909915947e+00  1.689788183513e+00  7.567571945768e-01 
 4.889694857286e-01  1.122478014682e+00  1.977379279021e+00  1.705059352089e+00  7.715680739285e-01 
 4.970307049264e-01  1.142326883154e+00  1.994493399980e+00  1.722617471674e+00  7.861950369876e-01 
 5.050919241243e-01  1.161098356451e+00  2.015404674898e+00  1.743258836233e+00  8.006405375343e-01 
 5.131531433222e-01  1.179436883245e+00  2.033756249495e+00  1.761649740822e+00  8.147204329434e-01 
 5.212143625201e-01  1.196093243738e+00  2.052246226350e+00  1.779921008716e+00  8.279320272634e-01 
 5.292755817180e-01  1.216377057988e+00  2.074102869694e+00  1.801616345615e+00  8.443151008639e-01 
 5.373368009158e-01  1.236612828200e+00  2.094639953571e+00  1.822109210162e+00  8.613895188255e-01 
 5.453980201138e-01  1.256597492763e+00  2.114204425114e+00  1.841759788015e+00  8.782131300162e-01 
 5.534592393117e-01  1.274758054352e+00  2.132749157497e+00  1.860290081777e+00  8.931080238668e-01 
 5.615204585095e-01  1.294598478454e+00  2.154143630323e+00  1.881487368680e+00  9.092687542836e-01 
 5.695816777074e-01  1.314267598629e+00  2.174670970588e+00  1.901910362620e+00  9.251149764872e-01 
 5.776428969054e-01  1.335237186910e+00  2.196352653537e+00  1.923518604928e+00  9.424770111941e-01 
 5.857041161032e-01  1.356656751936e+00  2.217912668083e+00  1.945054774255e+00  9.601718869797e-01 
 5.937653353011e-01  1.378452411479e+00  2.239944251723e+00  1.967032882159e+00  9.781780779939e-01 
 6.018265544990e-01  1.400365273350e+00  2.260991241539e+00  1.988197637695e+00  9.955712392812e-01 
 6.098877736969e-01  1.420219877725e+00  2.280375226461e+00  2.007658179524e+00  1.011574360918e+00 
 6.179489928947e-01  1.441428037024e+00  2.301267650398e+00  2.028599716754e+00  1.028177412350e+00 
 6.260102120926e-01  1.465427468453e+00  2.325987216090e+00  2.053220622826e+00  1.046854258983e+00 
 6.340714312905e-01  1.489381848444e+00  2.348568680094e+00  2.076017496217e+00  1.065521464591e+00 
 6.421326504884e-01  1.513390750462e+00  2.372611227202e+00  2.100074020693e+00  1.083692462710e+00 
 6.501938696863e-01  1.536267974146e+00  2.394188826868e+00  2.121825657405e+00  1.100779341372e+00 
 6.582550888841e-01  1.560265397863e+00  2.418300024902e+00  2.145907730466e+00  1.118837354672e+00 
 6.663163080820e-01  1.586058178308e+00  2.444887644539e+00  2.172354775440e+00  1.137601101578e+00 
 6.743775272799e-01  1.612179661378e+00  2.471511932017e+00  2.198904399457e+00  1.156557811131e+00 
 6.824387464778e-01  1.637249500236e+00  2.495493744149e+00  2.223002439210e+00  1.174214303899e+00 
 6.904999656757e-01  1.663484195114e+00  2.523277737637e+00  2.250561490944e+00  1.192482993191e+00 
 6.985611848735e-01  1.689326621316e+00  2.549080656466e+00  2.276335403789e+00  1.210057237799e+00 
 7.066224040714e-01  1.713515743203e+00  2.574177549372e+00  2.301305685138e+00  1.226674081231e+00 
 7.146836232694e-01  1.737653736306e+00  2.598814354017e+00  2.325882893277e+00  1.242964579741e+00 
 7.227448424672e-01  1.761521906519e+00  2.622497278183e+00  2.349586378796e+00  1.258956411901e+00 
 7.308060616651e-01  1.784831178124e+00  2.645684094546e+00  2.372777645337e+00  1.274760102511e+00 
 7.388672808630e-01  1.808129915068e+00  2.668392506546e+00  2.395544796132e+00  1.290686774561e+00 
 7.469285000608e-01  1.831453829337e+00  2.691094341212e+00  2.418309579303e+00  1.306586110815e+00 
 7.549897192588e-01  1.855852168775e+00  2.716095756679e+00  2.443214468969e+00  1.323243664233e+00 
 7.630509384566e-01  1.879686393728e+00  2.740820205070e+00  2.467806341290e+00  1.339426145423e+00 
 7.711121576545e-01  1.905882191191e+00  2.766843387573e+00  2.493844073837e+00  1.357184339525e+00 
 7.791733768524e-01  1.929873419684e+00  2.790765460328e+00  2.517773692704e+00  1.373299694734e+00 
 7.872345960502e-01  1.953445572140e+00  2.814017255339e+00  2.541064774613e+00  1.389170790489e+00 
 7.952958152481e-01  1.977211292898e+00  2.838073440903e+00  2.565096595172e+00  1.405130218611e+00 
 8.033570344461e-01  2.000837380538e+00  2.861541398344e+00  2.588585406306e+00  1.421121094971e+00 
 8.114182536439e-01  2.024957470550e+00  2.884997136604e+00  2.612114952057e+00  1.437370018394e+00 
 8.194794728418e-01  2.048635988433e+00  2.908196729150e+00  2.635369126202e+00  1.453302882171e+00 
 8.275406920397e-01  2.073098534698e+00  2.932148717736e+00  2.659388454082e+00  1.469708261673e+00 
 8.356019112376e-01  2.097566170335e+00  2.956274229306e+00  2.683553119810e+00  1.486163721623e+00 
 8.436631304354e-01  2.121040875670e+00  2.979483507934e+00  2.706798831700e+00  1.501987961463e+00 
 8.517243496333e-01  2.144396717686e+00  3.002671944787e+00  2.730010677567e+00  1.517706908601e+00 
 8.597855688312e-01  2.167783876775e+00  3.026409361796e+00  2.753691044624e+00  1.533506279194e+00 
 8.678467880291e-01  2.191090350023e+00  3.048946031170e+00  2.776329914167e+00  1.549275120304e+00 
 8.759080072270e-01  2.214329805356e+00  3.072224096225e+00  2.799605870575e+00  1.565057711868e+00 
 8.839692264249e-01  2.237423084028e+00  3.094759583600e+00  2.822226286625e+00  1.580827618020e+00 
 8.920304456227e-01  2.260054684030e+00  3.116720058669e+00  2.844268365976e+00  1.596313403504e+00 
 9.000916648206e-01  2.283369081915e+00  3.139913615531e+00  2.867483397949e+00  1.612333804023e+00 
 9.081528840185e-01  2.306686597786e+00  3.162563596775e+00  2.890233734343e+00  1.628339716956e+00 
 9.162141032164e-01  2.329243255208e+00  3.184883881961e+00  2.912591342158e+00  1.643896260362e+00 
 9.242753224143e-01  2.352971252315e+00  3.207774249340e+00  2.935596433148e+00  1.660275869653e+00 
 9.323365416122e-01  2.376231939134e+00  3.230828589583e+00  2.958679966231e+00  1.676305987957e+00 
 9.403977608100e-01  2.399401986154e+00  3.253641492916e+00  2.981535929421e+00  1.692249614766e+00 
 9.484589800080e-01  2.423170480426e+00  3.277092937754e+00  3.005031573741e+00  1.708620396097e+00 
 9.565201992058e-01  2.446555805922e+00  3.300371001928e+00  3.028322722860e+00  1.724733733425e+00 
 9.645814184037e-01  2.469564307212e+00  3.323545836827e+00  3.051478603412e+00  1.740593226460e+00 
 9.726426376016e-01  2.493785565362e+00  3.347729275500e+00  3.075658987620e+00  1.757302007796e+00 
 9.807038567995e-01  2.516948979539e+00  3.370773505112e+00  3.098708086604e+00  1.773252779041e+00 
 9.887650759973e-01  2.540365768779e+00  3.394033147160e+00  3.121985395222e+00  1.789376398123e+00 
 9.968262951952e-01  2.564207860867e+00  3.417941381631e+00  3.145878244529e+00  1.805769018817e+00 
 1.004887514393e+00  2.587776048204e+00  3.441297265670e+00  3.169256099322e+00  1.821938297395e+00 
 1.012948733591e+00  2.611273915272e+00  3.464885968526e+00  3.192826614678e+00  1.838099514151e+00 
 1.021009952789e+00  2.634741192629e+00  3.488656340853e+00  3.216559097357e+00  1.854185613584e+00 
 1.029071171987e+00  2.658578949199e+00  3.512664779429e+00  3.240537517181e+00  1.870522143251e+00 
 1.037132391185e+00  2.682331033777e+00  3.536637449584e+00  3.264469067281e+00  1.886825528998e+00 
 1.045193610383e+00  2.705801299340e+00  3.560217757700e+00  3.288030010321e+00  1.902897147768e+00 
 1.053254829580e+00  2.729591582138e+00  3.584405638762e+00  3.312157038094e+00  1.919171947607e+00 
 1.061316048778e+00  2.752981370382e+00  3.607566327205e+00  3.335342340918e+00  1.935189295877e+00 
 1.069377267976e+00  2.776153249784e+00  3.630836166904e+00  3.358596451405e+00  1.951098085076e+00 
 1.077438487174e+00  2.799667181489e+00  3.654392951202e+00  3.382145690017e+00  1.967220922416e+00 
 1.085499706372e+00  2.823060604784e+00  3.677903918902e+00  3.405640344449e+00  1.983265163474e+00 
 1.093560925570e+00  2.845918701139e+00  3.700711400542e+00  3.428455372986e+00  1.998976763884e+00 
 1.101622144768e+00  2.868725530470e+00  3.723327647290e+00  3.451098385730e+00  2.014699233479e+00 
 1.109683363966e+00  2.891882414713e+00  3.746535164458e+00  3.474297868795e+00  2.030693621946e+00 
 1.117744583163e+00  2.914922006825e+00  3.769423825447e+00  3.497211294899e+00  2.046602141193e+00 
 1.125805802362e+00  2.937813673194e+00  3.792367506187e+00  3.520146184862e+00  2.062465516558e+00 
 1.133867021559e+00  2.960803624912e+00  3.815531111359e+00  3.543285485572e+00  2.078401268465e+00 
 1.141928240757e+00  2.983541494463e+00  3.838531163484e+00  3.566249827010e+00  2.094199605322e+00 
 1.149989459955e+00  3.006165997314e+00  3.861102119009e+00  3.588823218712e+00  2.109950110632e+00 
 1.158050679153e+00  3.028800538680e+00  3.883924749069e+00  3.611617216765e+00  2.125722950469e+00 
 1.166111898351e+00  3.051387171086e+00  3.906709272001e+00  3.634371555460e+00  2.141520052078e+00 
 1.174173117549e+00  3.073948080832e+00  3.929505078741e+00  3.657134764839e+00  2.157328529646e+00 
 1.182234336747e+00  3.096496367735e+00  3.951997208518e+00  3.679633819665e+00  2.173162437689e+00 
 1.190295555944e+00  3.118748365930e+00  3.974427846927e+00  3.702038029213e+00  2.188856265907e+00 
 1.198356775142e+00  3.140717283598e+00  3.996525015341e+00  3.724114904990e+00  2.204415883944e+00 
 1.206417994340e+00  3.162641461569e+00  4.018360728995e+00  3.745956622668e+00  2.220009199690e+00 
 1.214479213538e+00  3.184438160460e+00  4.040135698129e+00  3.767732093084e+00  2.235566596294e+00 
 1.222540432736e+00  3.205736346566e+00  4.061517474762e+00  3.789102090073e+00  2.250849256136e+00 
 1.230601651934e+00  3.226958533307e+00  4.082849737356e+00  3.810415945143e+00  2.266174261594e+00 
 1.238662871132e+00  3.248016938978e+00  4.103846871338e+00  3.831420280417e+00  2.281482386129e+00 
 1.246724090330e+00  3.269038931058e+00  4.124829333865e+00  3.852410025112e+00  2.296862472645e+00 
 1.254785309528e+00  3.289834121485e+00  4.145852543357e+00  3.873404255038e+00  2.312141124279e+00 
 1.262846528725e+00  3.310300251988e+00  4.166388792651e+00  3.893929512646e+00  2.327312855372e+00 
 1.270907747923e+00  3.330418846853e+00  4.186561263372e+00  3.914093670310e+00  2.342353733304e+00 
 1.278968967121e+00  3.350336031600e+00  4.206456357919e+00  3.933991444851e+00  2.357346189700e+00 
 1.287030186319e+00  3.370217476321e+00  4.226426908301e+00  3.953947378464e+00  2.372443795737e+00 
 1.295091405517e+00  3.390027614028e+00  4.246394485833e+00  3.973889556860e+00  2.387621720191e+00 
 1.303152624715e+00  3.404411698852e+00  4.260993189986e+00  3.988458620588e+00  2.398715488362e+00 
