#                r          N_{at}(r)               M(r)          N_{el}(r)          Volume(r)     Density{at}(r)
5.000000000000e-01 1.000000000000e+00 7.167940000000e+00 3.835000000000e+00 5.235987755983e-01 1.909859317103e+00
5.979899497487e-01 1.000000000000e+00 7.167940000000e+00 3.835000000000e+00 8.957158602674e-01 1.116425469681e+00
6.959798994975e-01 1.000000000000e+00 7.167940000000e+00 3.835000000000e+00 1.412143073826e+00 7.081435433386e-01
7.939698492462e-01 1.000000000000e+00 7.167940000000e+00 3.835000000000e+00 2.096527874369e+00 4.769791101877e-01
8.919597989950e-01 1.000000000000e+00 7.167940000000e+00 3.835000000000e+00 2.972517719991e+00 3.364151518003e-01
9.899497487437e-01 1.055000000000e+00 7.523200000000e+00 4.030000000000e+00 4.063760068789e+00 2.596117837032e-01
1.087939698492e+00 1.580000000000e+00 1.129292000000e+01 6.035000000000e+00 5.393902378857e+00 2.929233584563e-01
1.185929648241e+00 1.995000000000e+00 1.402187000000e+01 7.500000000000e+00 6.986592108291e+00 2.855469403506e-01
1.283919597990e+00 2.145000000000e+00 1.610268000000e+01 8.540000000000e+00 8.865476715186e+00 2.419497641143e-01
1.381909547739e+00 2.335000000000e+00 1.851451000000e+01 9.745000000000e+00 1.105420365764e+01 2.112318600523e-01
1.479899497487e+00 2.535000000000e+00 2.104645000000e+01 1.101000000000e+01 1.357642039374e+01 1.867207943243e-01
1.577889447236e+00 2.900000000000e+00 2.545042500000e+01 1.321000000000e+01 1.645577438159e+01 1.762299319833e-01
1.675879396985e+00 2.995000000000e+00 2.582126000000e+01 1.343000000000e+01 1.971591307928e+01 1.519077502501e-01
1.773869346734e+00 3.245000000000e+00 2.607326000000e+01 1.368000000000e+01 2.338048394491e+01 1.387909680418e-01
1.871859296482e+00 3.465000000000e+00 2.694048500000e+01 1.420500000000e+01 2.747313443657e+01 1.261232134979e-01
1.969849246231e+00 3.550000000000e+00 2.726616500000e+01 1.440000000000e+01 3.201751201236e+01 1.108768226160e-01
2.067839195980e+00 3.845000000000e+00 2.914865000000e+01 1.542000000000e+01 3.703726413037e+01 1.038143634601e-01
2.165829145729e+00 4.610000000000e+00 3.477558500000e+01 1.840000000000e+01 4.255603824870e+01 1.083277529985e-01
2.263819095477e+00 5.345000000000e+00 4.040160000000e+01 2.137500000000e+01 4.859748182545e+01 1.099851226695e-01
2.361809045226e+00 5.765000000000e+00 4.336940500000e+01 2.297000000000e+01 5.518524231870e+01 1.044663347985e-01
2.459798994975e+00 6.700000000000e+00 5.069809000000e+01 2.685000000000e+01 6.234296718656e+01 1.074700211164e-01
2.557788944724e+00 7.800000000000e+00 5.962838000000e+01 3.154000000000e+01 7.009430388712e+01 1.112786570013e-01
2.655778894472e+00 8.695000000000e+00 6.563567500000e+01 3.477500000000e+01 7.846289987848e+01 1.108167046269e-01
2.753768844221e+00 9.550000000000e+00 7.036751500000e+01 3.740500000000e+01 8.747240261872e+01 1.091772915125e-01
2.851758793970e+00 1.056000000000e+01 7.777062000000e+01 4.136000000000e+01 9.714645956595e+01 1.087018512788e-01
2.949748743719e+00 1.149500000000e+01 8.499310000000e+01 4.520000000000e+01 1.075087181783e+02 1.069215612909e-01
3.047738693467e+00 1.261000000000e+01 9.166770000000e+01 4.887500000000e+01 1.185828259137e+02 1.063391760386e-01
3.145728643216e+00 1.357500000000e+01 9.745500500000e+01 5.207000000000e+01 1.303924302305e+02 1.041088042918e-01
3.243718592965e+00 1.462000000000e+01 1.051334400000e+02 5.616000000000e+01 1.429611785866e+02 1.022655251204e-01
3.341708542714e+00 1.565000000000e+01 1.130167050000e+02 6.034500000000e+01 1.563127184402e+02 1.001198121059e-01
3.439698492462e+00 1.677500000000e+01 1.207605850000e+02 6.450500000000e+01 1.704706972494e+02 9.840400884536e-02
3.537688442211e+00 1.815500000000e+01 1.303924150000e+02 6.967000000000e+01 1.854587624722e+02 9.789238188584e-02
3.635678391960e+00 1.954500000000e+01 1.411284900000e+02 7.535000000000e+01 2.013005615667e+02 9.709361885473e-02
3.733668341709e+00 2.081000000000e+01 1.509083550000e+02 8.052000000000e+01 2.180197419911e+02 9.545007167677e-02
3.831658291457e+00 2.229000000000e+01 1.624951600000e+02 8.663000000000e+01 2.356399512034e+02 9.459346722050e-02
3.929648241206e+00 2.391500000000e+01 1.754132500000e+02 9.343500000000e+01 2.541848366618e+02 9.408507727714e-02
4.027638190955e+00 2.549500000000e+01 1.864762100000e+02 9.937000000000e+01 2.736780458243e+02 9.315690603977e-02
4.125628140704e+00 2.722500000000e+01 1.982555350000e+02 1.057050000000e+02 2.941432261490e+02 9.255695042323e-02
4.223618090452e+00 2.906000000000e+01 2.115996400000e+02 1.128200000000e+02 3.156040250940e+02 9.207740614634e-02
4.321608040201e+00 3.098000000000e+01 2.266907550000e+02 1.207950000000e+02 3.380840901175e+02 9.163400735372e-02
4.419597989950e+00 3.323500000000e+01 2.429100800000e+02 1.294750000000e+02 3.616070686774e+02 9.190915465662e-02
4.517587939698e+00 3.550500000000e+01 2.584440150000e+02 1.378250000000e+02 3.861966082320e+02 9.193503837991e-02
4.615577889447e+00 3.772000000000e+01 2.742022300000e+02 1.462450000000e+02 4.118763562393e+02 9.158088205017e-02
4.713567839196e+00 4.047500000000e+01 2.942055750000e+02 1.569150000000e+02 4.386699601573e+02 9.226754434127e-02
4.811557788945e+00 4.324500000000e+01 3.135380650000e+02 1.672750000000e+02 4.666010674443e+02 9.268088527287e-02
4.909547738693e+00 4.599500000000e+01 3.335356600000e+02 1.779350000000e+02 4.956933255582e+02 9.278922597597e-02
5.007537688442e+00 4.889500000000e+01 3.559193800000e+02 1.897850000000e+02 5.259703819572e+02 9.296150824701e-02
5.105527638191e+00 5.208000000000e+01 3.781860850000e+02 2.017100000000e+02 5.574558840994e+02 9.342443318925e-02
5.203517587940e+00 5.515000000000e+01 4.008767200000e+02 2.137850000000e+02 5.901734794429e+02 9.344709974440e-02
5.301507537688e+00 5.829000000000e+01 4.231233600000e+02 2.256800000000e+02 6.241468154457e+02 9.339148828048e-02
5.399497487437e+00 6.154500000000e+01 4.448388850000e+02 2.374150000000e+02 6.593995395660e+02 9.333491503574e-02
5.497487437186e+00 6.492000000000e+01 4.702942350000e+02 2.509200000000e+02 6.959552992619e+02 9.328185311449e-02
5.595477386935e+00 6.831000000000e+01 4.941881000000e+02 2.636850000000e+02 7.338377419914e+02 9.308597267650e-02
5.693467336683e+00 7.199500000000e+01 5.222679350000e+02 2.785650000000e+02 7.730705152127e+02 9.312863261923e-02
5.791457286432e+00 7.575500000000e+01 5.512213250000e+02 2.939000000000e+02 8.136772663838e+02 9.310202352915e-02
5.889447236181e+00 7.964500000000e+01 5.791335650000e+02 3.087950000000e+02 8.556816429628e+02 9.307784110481e-02
5.987437185930e+00 8.352000000000e+01 6.075275000000e+02 3.239150000000e+02 8.991072924079e+02 9.289213946460e-02
6.085427135678e+00 8.782500000000e+01 6.360838650000e+02 3.393250000000e+02 9.439778621771e+02 9.303713944885e-02
6.183417085427e+00 9.204500000000e+01 6.648871400000e+02 3.548350000000e+02 9.903169997286e+02 9.294498632784e-02
6.281407035176e+00 9.641000000000e+01 6.963955950000e+02 3.716550000000e+02 1.038148352520e+03 9.286726676967e-02
6.379396984925e+00 1.007250000000e+02 7.277834100000e+02 3.883800000000e+02 1.087495568011e+03 9.262106712239e-02
6.477386934673e+00 1.052900000000e+02 7.592921650000e+02 4.052800000000e+02 1.138382293657e+03 9.249089746621e-02
6.575376884422e+00 1.101850000000e+02 7.933475650000e+02 4.235400000000e+02 1.190832176918e+03 9.252773156090e-02
6.673366834171e+00 1.150400000000e+02 8.266085000000e+02 4.414000000000e+02 1.244868865252e+03 9.241134003031e-02
6.771356783920e+00 1.197800000000e+02 8.603580900000e+02 4.594450000000e+02 1.300516006117e+03 9.210190373405e-02
6.869346733668e+00 1.250100000000e+02 8.988321800000e+02 4.799200000000e+02 1.357797246971e+03 9.206823793381e-02
6.967336683417e+00 1.302900000000e+02 9.379613450000e+02 5.007200000000e+02 1.416736235272e+03 9.196489562153e-02
7.065326633166e+00 1.358050000000e+02 9.764609750000e+02 5.213700000000e+02 1.477356618477e+03 9.192431827324e-02
7.163316582915e+00 1.412150000000e+02 1.016713170000e+03 5.427650000000e+02 1.539682044046e+03 9.171698828732e-02
7.261306532663e+00 1.468100000000e+02 1.056239385000e+03 5.639300000000e+02 1.603736159437e+03 9.154248916579e-02
7.359296482412e+00 1.526050000000e+02 1.096002325000e+03 5.852950000000e+02 1.669542612106e+03 9.140527405137e-02
7.457286432161e+00 1.588700000000e+02 1.140841595000e+03 6.092650000000e+02 1.737125049513e+03 9.145570725868e-02
7.555276381910e+00 1.651450000000e+02 1.187555090000e+03 6.341050000000e+02 1.806507119116e+03 9.141674464080e-02
7.653266331658e+00 1.712650000000e+02 1.231417120000e+03 6.575400000000e+02 1.877712468372e+03 9.120938529448e-02
7.751256281407e+00 1.776900000000e+02 1.275550315000e+03 6.812300000000e+02 1.950764744740e+03 9.108735457677e-02
7.849246231156e+00 1.840700000000e+02 1.321744165000e+03 7.058550000000e+02 2.025687595678e+03 9.086791092207e-02
7.947236180905e+00 1.909800000000e+02 1.371983095000e+03 7.326550000000e+02 2.102504668644e+03 9.083451887087e-02
8.045226130653e+00 1.980050000000e+02 1.424018445000e+03 7.603500000000e+02 2.181239611095e+03 9.077636358371e-02
8.143216080402e+00 2.052000000000e+02 1.473022215000e+03 7.867000000000e+02 2.261916070491e+03 9.071954643985e-02
8.241206030151e+00 2.123450000000e+02 1.523820870000e+03 8.138750000000e+02 2.344557694290e+03 9.056932167512e-02
8.339195979899e+00 2.200500000000e+02 1.578319760000e+03 8.430250000000e+02 2.429188129948e+03 9.058582054108e-02
8.437185929648e+00 2.277000000000e+02 1.631280025000e+03 8.714500000000e+02 2.515831024925e+03 9.050687337270e-02
8.535175879397e+00 2.357550000000e+02 1.689409940000e+03 9.024950000000e+02 2.604510026679e+03 9.051798518152e-02
8.633165829146e+00 2.433750000000e+02 1.743448615000e+03 9.313900000000e+02 2.695248782667e+03 9.029778681848e-02
8.731155778894e+00 2.514300000000e+02 1.798125570000e+03 9.608300000000e+02 2.788070940347e+03 9.018063219320e-02
8.829145728643e+00 2.598550000000e+02 1.858534140000e+03 9.931050000000e+02 2.883000147179e+03 9.013353684851e-02
8.927135678392e+00 2.680050000000e+02 1.914908105000e+03 1.023385000000e+03 2.980060050619e+03 8.993275150422e-02
9.025125628141e+00 2.767350000000e+02 1.978581935000e+03 1.057305000000e+03 3.079274298127e+03 8.987020096532e-02
9.123115577889e+00 2.856350000000e+02 2.041589635000e+03 1.091070000000e+03 3.180666537159e+03 8.980350397093e-02
9.221105527638e+00 2.943550000000e+02 2.105699440000e+03 1.125220000000e+03 3.284260415175e+03 8.962596225315e-02
9.319095477387e+00 3.038300000000e+02 2.169454950000e+03 1.159570000000e+03 3.390079579632e+03 8.962326484176e-02
9.417085427136e+00 3.133700000000e+02 2.238907090000e+03 1.196590000000e+03 3.498147677988e+03 8.958169547039e-02
9.515075376884e+00 3.229050000000e+02 2.305161070000e+03 1.232115000000e+03 3.608488357702e+03 8.948483907695e-02
9.613065326633e+00 3.327700000000e+02 2.375774275000e+03 1.269820000000e+03 3.721125266231e+03 8.942725014388e-02
9.711055276382e+00 3.428100000000e+02 2.445828495000e+03 1.307375000000e+03 3.836082051034e+03 8.936461614724e-02
9.809045226131e+00 3.528450000000e+02 2.518648475000e+03 1.346200000000e+03 3.953382359569e+03 8.925142268264e-02
9.907035175879e+00 3.633300000000e+02 2.595487570000e+03 1.387110000000e+03 4.073049839294e+03 8.920342601626e-02
1.000502512563e+01 3.739350000000e+02 2.670571930000e+03 1.427275000000e+03 4.195108137666e+03 8.913596210848e-02
1.010301507538e+01 3.850300000000e+02 2.749403125000e+03 1.469405000000e+03 4.319580902145e+03 8.913596219689e-02
1.020100502513e+01 3.961550000000e+02 2.829827070000e+03 1.512315000000e+03 4.446491780188e+03 8.909383387711e-02
1.029899497487e+01 4.074200000000e+02 2.909160775000e+03 1.554795000000e+03 4.575864419253e+03 8.903672894804e-02
1.039698492462e+01 4.189600000000e+02 2.992453930000e+03 1.599250000000e+03 4.707722466798e+03 8.899420111419e-02
1.049497487437e+01 4.304950000000e+02 3.072392605000e+03 1.642190000000e+03 4.842089570282e+03 8.890686422700e-02
1.059296482412e+01 4.426900000000e+02 3.156784340000e+03 1.687460000000e+03 4.978989377162e+03 8.891161769306e-02
1.069095477387e+01 4.547950000000e+02 3.243145165000e+03 1.733605000000e+03 5.118445534897e+03 8.885412512437e-02
1.078894472362e+01 4.670300000000e+02 3.332325465000e+03 1.781110000000e+03 5.260481690944e+03 8.878084316955e-02
1.088693467337e+01 4.798600000000e+02 3.424756415000e+03 1.830430000000e+03 5.405121492763e+03 8.877876300145e-02
1.098492462312e+01 4.920500000000e+02 3.515253790000e+03 1.878520000000e+03 5.552388587810e+03 8.861951792789e-02
1.108291457286e+01 5.054350000000e+02 3.612157635000e+03 1.930240000000e+03 5.702306623544e+03 8.863693823709e-02
1.118090452261e+01 5.190550000000e+02 3.714483795000e+03 1.984575000000e+03 5.854899247423e+03 8.865310538494e-02
1.127889447236e+01 5.322300000000e+02 3.810209555000e+03 2.035620000000e+03 6.010190106906e+03 8.855460318775e-02
1.137688442211e+01 5.460400000000e+02 3.908912985000e+03 2.088325000000e+03 6.168202849450e+03 8.852497450675e-02
1.147487437186e+01 5.595750000000e+02 4.003642295000e+03 2.139065000000e+03 6.328961122513e+03 8.841498457141e-02
1.157286432161e+01 5.733100000000e+02 4.102884990000e+03 2.191990000000e+03 6.492488573553e+03 8.830358244069e-02
1.167085427136e+01 5.875800000000e+02 4.206318345000e+03 2.247165000000e+03 6.658808850029e+03 8.824100724823e-02
1.176884422111e+01 6.023100000000e+02 4.312101135000e+03 2.303640000000e+03 6.827945599399e+03 8.821247785761e-02
1.186683417085e+01 6.170050000000e+02 4.415775130000e+03 2.359130000000e+03 6.999922469121e+03 8.814454770347e-02
1.196482412060e+01 6.319900000000e+02 4.524574980000e+03 2.417165000000e+03 7.174763106652e+03 8.808513822764e-02
1.206281407035e+01 6.474800000000e+02 4.633344020000e+03 2.475410000000e+03 7.352491159452e+03 8.806266963921e-02
1.216080402010e+01 6.629250000000e+02 4.746582935000e+03 2.535675000000e+03 7.533130274977e+03 8.800126584855e-02
1.225879396985e+01 6.781950000000e+02 4.858600445000e+03 2.595330000000e+03 7.716704100686e+03 8.788661469340e-02
1.235678391960e+01 6.937500000000e+02 4.967860280000e+03 2.653830000000e+03 7.903236284038e+03 8.778049587118e-02
1.245477386935e+01 7.093000000000e+02 5.080185845000e+03 2.713815000000e+03 8.092750472490e+03 8.764634501102e-02
1.255276381910e+01 7.254050000000e+02 5.195961995000e+03 2.775675000000e+03 8.285270313501e+03 8.755357068048e-02
1.265075376884e+01 7.414750000000e+02 5.313823555000e+03 2.838470000000e+03 8.480819454528e+03 8.742964096519e-02
1.274874371859e+01 7.584050000000e+02 5.435075405000e+03 2.903225000000e+03 8.679421543029e+03 8.737967112671e-02
1.284673366834e+01 7.749500000000e+02 5.551262630000e+03 2.965450000000e+03 8.881100226464e+03 8.725833289110e-02
1.294472361809e+01 7.921700000000e+02 5.672287830000e+03 3.030290000000e+03 9.085879152289e+03 8.718693994521e-02
1.304271356784e+01 8.096350000000e+02 5.796680890000e+03 3.096795000000e+03 9.293781967963e+03 8.711577297498e-02
1.314070351759e+01 8.266850000000e+02 5.917368175000e+03 3.161315000000e+03 9.504832320944e+03 8.697523239609e-02
1.323869346734e+01 8.435950000000e+02 6.039167880000e+03 3.226300000000e+03 9.719053858690e+03 8.679805794529e-02
1.333668341709e+01 8.615150000000e+02 6.165839010000e+03 3.294085000000e+03 9.936470228659e+03 8.670231784273e-02
1.343467336683e+01 8.800200000000e+02 6.297876850000e+03 3.364605000000e+03 1.015710507831e+04 8.664082858405e-02
1.353266331658e+01 8.984600000000e+02 6.432151960000e+03 3.436185000000e+03 1.038098205510e+04 8.654865168162e-02
1.363065326633e+01 9.169550000000e+02 6.564714105000e+03 3.506970000000e+03 1.060812480649e+04 8.643893399890e-02
1.372864321608e+01 9.361600000000e+02 6.701971775000e+03 3.580315000000e+03 1.083855697993e+04 8.637312160037e-02
1.382663316583e+01 9.552450000000e+02 6.839705250000e+03 3.653880000000e+03 1.107230222289e+04 8.627338567633e-02
1.392462311558e+01 9.743750000000e+02 6.981478525000e+03 3.729280000000e+03 1.130938418282e+04 8.615632683878e-02
1.402261306533e+01 9.940850000000e+02 7.121884075000e+03 3.804385000000e+03 1.154982650717e+04 8.606925821635e-02
1.412060301508e+01 1.013980000000e+03 7.261190000000e+03 3.879045000000e+03 1.179365284342e+04 8.597675490896e-02
1.421859296482e+01 1.033985000000e+03 7.407324380000e+03 3.956895000000e+03 1.204088683901e+04 8.587282762678e-02
1.431658291457e+01 1.053660000000e+03 7.549048195000e+03 4.032545000000e+03 1.229155214141e+04 8.572229022651e-02
1.441457286432e+01 1.074965000000e+03 7.703284690000e+03 4.114780000000e+03 1.254567239807e+04 8.568412803172e-02
1.451256281407e+01 1.096425000000e+03 7.857739095000e+03 4.197225000000e+03 1.280327125645e+04 8.563631731602e-02
1.461055276382e+01 1.117320000000e+03 8.007968685000e+03 4.277430000000e+03 1.306437236400e+04 8.552420038781e-02
1.470854271357e+01 1.138640000000e+03 8.163656295000e+03 4.360380000000e+03 1.332899936820e+04 8.542576742233e-02
1.480653266332e+01 1.160715000000e+03 8.325720385000e+03 4.446655000000e+03 1.359717591649e+04 8.536441737087e-02
1.490452261307e+01 1.182480000000e+03 8.481448375000e+03 4.529830000000e+03 1.386892565633e+04 8.526111029088e-02
1.500251256281e+01 1.204660000000e+03 8.636098410000e+03 4.612780000000e+03 1.414427223518e+04 8.516945799473e-02
1.510050251256e+01 1.226655000000e+03 8.796031545000e+03 4.698035000000e+03 1.442323930050e+04 8.504712252521e-02
1.519849246231e+01 1.248720000000e+03 8.952242005000e+03 4.781600000000e+03 1.470585049975e+04 8.491314392333e-02
1.529648241206e+01 1.271450000000e+03 9.117474520000e+03 4.869675000000e+03 1.499212948038e+04 8.480783211377e-02
1.539447236181e+01 1.294545000000e+03 9.284196885000e+03 4.958630000000e+03 1.528209988986e+04 8.470988995821e-02
1.549246231156e+01 1.317385000000e+03 9.448880580000e+03 5.046470000000e+03 1.557578537563e+04 8.457904164890e-02
1.559045226131e+01 1.340400000000e+03 9.617757150000e+03 5.136370000000e+03 1.587320958517e+04 8.444416945470e-02
1.568844221106e+01 1.363925000000e+03 9.788956805000e+03 5.227640000000e+03 1.617439616592e+04 8.432617737369e-02
1.578643216080e+01 1.387460000000e+03 9.956973130000e+03 5.317410000000e+03 1.647936876535e+04 8.419375886029e-02
1.588442211055e+01 1.411445000000e+03 1.013066178000e+04 5.410005000000e+03 1.678815103092e+04 8.407388028620e-02
1.598241206030e+01 1.435820000000e+03 1.030881201000e+04 5.504875000000e+03 1.710076661007e+04 8.396231775681e-02
1.608040201005e+01 1.459795000000e+03 1.047889314000e+04 5.595830000000e+03 1.741723915028e+04 8.381322593120e-02
1.617839195980e+01 1.484315000000e+03 1.065477777000e+04 5.689745000000e+03 1.773759229899e+04 8.368187603931e-02
1.627638190955e+01 1.509005000000e+03 1.083042420000e+04 5.783685000000e+03 1.806184970367e+04 8.354653730140e-02
1.637437185930e+01 1.534160000000e+03 1.101043210500e+04 5.879850000000e+03 1.839003501177e+04 8.342344095690e-02
1.647236180905e+01 1.558945000000e+03 1.119052411000e+04 5.975860000000e+03 1.872217187076e+04 8.326731592689e-02
1.657035175879e+01 1.583635000000e+03 1.136363322500e+04 6.068625000000e+03 1.905828392808e+04 8.309431247723e-02
1.666834170854e+01 1.609030000000e+03 1.155176915500e+04 6.168635000000e+03 1.939839483121e+04 8.294655377420e-02
1.676633165829e+01 1.635075000000e+03 1.174056928500e+04 6.269360000000e+03 1.974252822759e+04 8.281993983501e-02
1.686432160804e+01 1.660020000000e+03 1.191836809000e+04 6.364375000000e+03 2.009070776468e+04 8.262625784234e-02
1.696231155779e+01 1.685330000000e+03 1.210018967000e+04 6.461495000000e+03 2.044295708995e+04 8.244061720544e-02
1.706030150754e+01 1.711205000000e+03 1.228747527000e+04 6.561390000000e+03 2.079929985085e+04 8.227224052111e-02
1.715829145729e+01 1.737420000000e+03 1.248021288500e+04 6.664015000000e+03 2.115975969484e+04 8.210962813646e-02
1.725628140704e+01 1.763315000000e+03 1.266566329500e+04 6.763070000000e+03 2.152436026937e+04 8.192183079694e-02
1.735427135678e+01 1.789935000000e+03 1.285107656000e+04 6.862495000000e+03 2.189312522191e+04 8.175785694627e-02
1.745226130653e+01 1.816035000000e+03 1.303390346000e+04 6.960425000000e+03 2.226607819992e+04 8.156061357976e-02
1.755025125628e+01 1.843170000000e+03 1.323101037500e+04 7.065510000000e+03 2.264324285084e+04 8.140044304350e-02
1.764824120603e+01 1.870575000000e+03 1.342622011500e+04 7.169860000000e+03 2.302464282214e+04 8.124230262547e-02
1.774623115578e+01 1.897125000000e+03 1.362141539000e+04 7.273745000000e+03 2.341030176129e+04 8.103804125829e-02
1.784422110553e+01 1.924935000000e+03 1.382505524000e+04 7.382230000000e+03 2.380024331572e+04 8.087879499654e-02
1.794221105528e+01 1.952285000000e+03 1.402484240000e+04 7.488715000000e+03 2.419449113291e+04 8.069130238264e-02
1.804020100503e+01 1.979345000000e+03 1.421877985500e+04 7.592275000000e+03 2.459306886031e+04 8.048385548150e-02
1.813819095477e+01 2.006825000000e+03 1.441652767500e+04 7.697790000000e+03 2.499600014539e+04 8.028584526834e-02
1.823618090452e+01 2.034330000000e+03 1.461726926500e+04 7.804760000000e+03 2.540330863559e+04 8.008130079364e-02
1.833417085427e+01 2.062425000000e+03 1.481674450000e+04 7.911435000000e+03 2.581501797837e+04 7.989244871834e-02
1.843216080402e+01 2.089495000000e+03 1.500980833000e+04 8.014615000000e+03 2.623115182120e+04 7.965700531347e-02
1.853015075377e+01 2.117795000000e+03 1.521330699500e+04 8.123250000000e+03 2.665173381153e+04 7.946180968847e-02
1.862814070352e+01 2.145715000000e+03 1.541927950500e+04 8.232830000000e+03 2.707678759683e+04 7.924555275721e-02
1.872613065327e+01 2.174340000000e+03 1.562248078500e+04 8.341495000000e+03 2.750633682454e+04 7.904869390170e-02
1.882412060302e+01 2.202510000000e+03 1.582265005000e+04 8.448510000000e+03 2.794040514213e+04 7.882884978927e-02
1.892211055276e+01 2.231125000000e+03 1.602745934000e+04 8.557930000000e+03 2.837901619705e+04 7.861882823944e-02
1.902010050251e+01 2.259350000000e+03 1.622518352500e+04 8.663885000000e+03 2.882219363676e+04 7.838924505449e-02
1.911809045226e+01 2.288765000000e+03 1.644063793500e+04 8.778645000000e+03 2.926996110873e+04 7.819501336192e-02
1.921608040201e+01 2.317660000000e+03 1.664953331500e+04 8.890060000000e+03 2.972234226040e+04 7.797703087107e-02
1.931407035176e+01 2.346500000000e+03 1.685296148500e+04 8.998950000000e+03 3.017936073924e+04 7.775181258060e-02
1.941206030151e+01 2.376130000000e+03 1.707005545500e+04 9.114550000000e+03 3.064104019271e+04 7.754730208426e-02
1.951005025126e+01 2.406010000000e+03 1.728618790000e+04 9.229795000000e+03 3.110740426826e+04 7.734525128652e-02
1.960804020101e+01 2.435955000000e+03 1.750253359000e+04 9.345175000000e+03 3.157847661335e+04 7.713972494069e-02
1.970603015075e+01 2.465470000000e+03 1.772167335000e+04 9.461680000000e+03 3.205428087544e+04 7.691546753397e-02
1.980402010050e+01 2.494915000000e+03 1.793572108000e+04 9.575715000000e+03 3.253484070199e+04 7.668440804283e-02
1.990201005025e+01 2.525765000000e+03 1.815586237500e+04 9.693320000000e+03 3.302017974045e+04 7.649155818815e-02
2.000000000000e+01 2.556835000000e+03 1.838339025500e+04 9.814505000000e+03 3.351032163829e+04 7.629992417257e-02
